simple_tests
6
2
Distance Matrix:
0 666 281 396 291 326
666 0 649 1047 945 978
281 649 0 604 509 543
396 1047 604 0 104 70
291 945 509 104 0 35
326 978 543 70 35 0
Coverage:
0 2 4
1 5 4
2 1 0
3 5 1
4 1 2
5 4 1
EOF